> install.packages("miscTools")
trying URL 'https://mirrors.nics.utk.edu/cran/bin/macosx/mavericks/contrib/3.2/miscTools_0.6-16.tgz'
Content type 'application/x-gzip' length 55807 bytes (54 KB)
==================================================
downloaded 54 KB


The downloaded binary packages are in
	/var/folders/k6/53lprdwx64v0rb3j30n3hg480000gn/T//RtmpuL0lZA/downloaded_packages
> read.csv("/Users/TariesW/Desktop/ECON 345/HW 1/One X Column.txt",header=F)
             V1
1     1.2835940
2     0.9732653
3    -0.7612836
4     0.0325000
5    -1.4082200
6    -2.0295720
7    -2.1569160
8     1.0312540
9    -0.9405365
10    0.9416188
11   -1.4267200
12   -0.5060759
13    0.4412177
14    0.3359570
15   -0.0165000
16    0.1533662
17    0.3581140
18   -0.7941146
19   -1.9741130
20   -2.5219650
21   -0.4605035
22    0.2796450
23    0.5676422
24    1.0234390
25    0.3599859
26    1.8589950
27   -0.7955471
28    0.0576000
29   -0.2832681
30   -0.3783155
31    0.8179148
32   -0.8306286
33    0.8435801
34    0.1797868
35   -0.5503671
36    1.3984390
37   -2.0664720
38    1.8272110
39   -1.4007690
40    0.6307655
41    0.7145938
42    0.3719683
43   -0.0617000
44   -0.3575123
45   -0.2820382
46    0.3323339
47   -0.0805000
48   -1.0663950
49   -1.1570690
50    0.2932869
51    1.5596310
52   -0.7195046
53   -0.6449661
54   -0.7569862
55    0.3839339
56    1.3288920
57    1.1198870
58   -0.5937734
59    0.5430404
60   -1.0815530
61    1.2007990
62   -0.0115000
63   -0.4508949
64    0.3627261
65    0.2097786
66   -0.2049193
67    0.4741272
68    0.9138192
69   -2.4550130
70    0.7201034
71   -0.7921800
72   -0.6306470
73    0.1417691
74   -0.8175992
75   -0.7575806
76   -1.9032730
77   -1.1659340
78    0.2226101
79   -0.4385686
80    2.0091780
81    1.8626680
82    0.0996000
83   -0.3946130
84    0.3533417
85   -0.7203930
86    0.2694916
87    0.4167331
88    0.3634622
89   -1.0697200
90   -3.2207520
91   -2.5627360
92   -0.4474994
93   -1.5707770
94   -0.6808986
95    0.8719013
96    0.3685105
97    0.3054336
98   -0.0918000
99   -1.5914280
100  -2.2367750
101   0.0126000
102  -0.1401491
103   0.1474576
104  -0.7098904
105  -0.6032236
106  -0.2669047
107   2.3257960
108   1.2327980
109  -1.3745410
110   0.1250809
111   2.2261610
112  -0.6827210
113   0.9332343
114   0.4939429
115  -1.6112820
116  -0.1516942
117  -0.3340768
118   0.9356446
119   1.1976820
120  -2.3970470
121   0.0804000
122  -0.0663000
123  -0.0772000
124  -0.4190639
125   1.5623360
126   0.1005790
127  -1.1452650
128   0.7915968
129   0.0812000
130  -1.1454390
131  -0.3880414
132   0.7524006
133  -0.3529753
134  -0.5292781
135  -0.0214000
136  -2.0463880
137   1.0872780
138   0.8515854
139  -1.7819640
140  -0.8601804
141   1.7066280
142  -0.8564859
143   0.6469538
144   0.4047482
145  -0.5520109
146  -0.0587000
147  -1.2474230
148  -0.4418820
149  -0.3566792
150   0.4471618
151  -0.2274402
152   0.6999189
153   1.3898210
154  -1.2812570
155  -0.7016412
156   2.5840020
157  -0.6756739
158  -0.4098820
159   0.0611000
160   0.1834003
161  -0.2567516
162  -1.9983700
163  -0.3545058
164  -0.0145000
165  -1.4917830
166   0.8019891
167   2.0612910
168   1.2057140
169   1.7211890
170  -1.0301800
171   1.0532760
172   0.1072795
173  -2.3597230
174  -0.6557276
175   0.2222329
176  -0.8559700
177  -0.9475182
178  -0.1020737
179  -0.9636063
180   1.1403280
181  -0.8963515
182   0.0017400
183  -0.6081755
184  -0.6063535
185  -1.8832740
186  -1.3883300
187  -0.6114429
188  -1.8502920
189   0.9352067
190   0.5812301
191  -0.6251225
192  -0.5547591
193  -0.5660525
194   0.7483554
195   1.4041630
196   0.9100283
197   0.7121489
198  -1.7128770
199   0.1424565
200   0.8848418
201  -0.4134366
202  -1.5597440
203   0.6076432
204  -0.7741469
205   0.4056067
206  -0.6555463
207   0.5016317
208  -1.8927600
209  -0.2280607
210   0.6111953
211   1.1521980
212  -0.0142000
213   0.6157115
214   1.4985880
215  -0.0206000
216  -0.1533107
217  -1.4979040
218   1.4687910
219   0.4371110
220  -0.8974806
221   0.6315693
222  -0.3808940
223  -0.5069681
224   0.3548249
225   0.8931320
226   0.6957055
227  -0.1540726
228  -0.9328638
229  -0.5722332
230   1.3442150
231  -0.0122000
232  -0.0148000
233  -0.6061167
234  -1.0996310
235  -0.3771327
236  -0.9307486
237   3.2298050
238  -0.6052039
239  -0.9041931
240   1.6799600
241  -0.0323000
242  -0.6965339
243  -0.6251066
244   0.0062700
245  -1.5351140
246   0.2900326
247   0.1773254
248   0.2439738
249  -0.7961339
250   1.0205990
251   0.2882165
252  -0.8810510
253  -0.6446100
254  -0.9116022
255   0.5327025
256  -0.7288411
257  -2.2689270
258  -0.7760925
259   0.7456580
260   1.7868100
261  -0.7464362
262   0.8191764
263   0.7863916
264  -1.3655510
265  -0.5801531
266   0.3810384
267   0.6105513
268  -0.2324690
269   1.1779610
270   0.1639195
271   0.4029261
272   0.3925939
273   0.8264728
274   0.0966000
275  -0.8948728
276   0.0256000
277   0.0028000
278  -0.5000337
279  -2.7871220
280   0.8292172
281   0.0508000
282  -0.9040568
283   0.2047404
284   0.7535175
285  -0.2706608
286  -1.5420760
287   0.3445658
288  -0.2879093
289  -0.5163915
290  -0.3767228
291   1.1308320
292   0.5375505
293   1.3250950
294   0.1454750
295   0.0944000
296   0.6510143
297  -0.6059558
298  -1.1935460
299  -0.6878379
300  -1.3267760
301  -0.4292825
302   0.3893968
303   1.4428080
304   0.5418286
305   1.6499960
306   0.3749891
307   1.8195880
308   0.1398720
309   0.8379579
310   0.1987174
311  -0.1280214
312   1.2723120
313   0.2884825
314   0.1674759
315   0.9583620
316   0.2564018
317  -0.3783473
318   0.5417029
319  -0.3131362
320  -0.5721126
321  -1.0578480
322  -1.6545170
323  -1.4213230
324   0.8090362
325   2.3470770
326   0.5856664
327  -0.3353694
328  -1.7282100
329   0.6900195
330   0.0595000
331   2.3134160
332   0.7301225
333   1.6780660
334  -0.1938007
335  -0.3446080
336  -0.2270620
337  -0.2918265
338   0.1822399
339   0.5569341
340   0.4506345
341  -0.3825365
342  -0.4156616
343   0.3390856
344  -0.1219462
345  -1.0026020
346  -0.6476806
347  -1.7142570
348   1.4437330
349  -0.3406004
350   0.9566988
351   1.1006490
352  -1.6402760
353   1.0869210
354   0.0716000
355   0.1648044
356   0.4992731
357  -1.0922860
358  -0.2199970
359  -0.7301455
360  -0.2643350
361  -0.5887970
362   0.1034376
363  -1.6716770
364  -0.2331765
365  -0.3449207
366   1.5469730
367   0.0325000
368  -1.3216870
369   0.4116963
370  -0.9083303
371  -0.4256037
372   1.1036130
373   0.5575427
374   0.2152414
375   1.7014240
376  -1.3643220
377   0.4704341
378  -0.3003691
379  -0.9286817
380   0.0657000
381  -0.2949644
382  -0.9592451
383  -1.4706060
384   1.4860800
385   1.0383450
386   1.4946760
387   0.6029053
388  -0.3785720
389  -2.9787520
390  -1.7792920
391  -0.5401821
392   0.0922000
393   0.9645557
394   0.0468000
395   0.4083450
396   0.6217794
397  -0.6086061
398  -0.5498457
399   0.4366126
400  -0.4625728
401  -0.3750493
402   0.6319793
403   1.3436350
404  -0.3557601
405  -0.4978687
406   0.3564684
407  -0.2669949
408  -0.5338410
409  -0.4546587
410  -0.5741423
411  -1.1174710
412  -1.6863970
413  -0.5218904
414   0.0537000
415   0.5372621
416   0.2673484
417   0.9323646
418   0.7368468
419   0.6281330
420  -1.2722260
421   1.7695940
422   0.0307000
423   0.3734437
424   0.0738000
425   0.5981455
426  -1.1494970
427   0.4868209
428  -0.4628508
429   1.0748950
430   1.0568420
431   1.2095720
432   0.1201240
433   0.3722177
434   0.3332055
435  -0.5655254
436  -1.4932010
437   0.1652513
438  -0.9447443
439  -2.1161490
440  -0.1278049
441  -0.2050328
442  -0.5420515
443   0.7605698
444  -0.0191000
445  -0.2513560
446  -1.1964390
447   0.1179319
448   0.9058308
449   0.5093839
450   0.2851154
451  -0.0927000
452   1.1967670
453   0.5708296
454  -0.0769000
455   0.5574792
456   0.5269045
457  -1.2597910
458  -0.6793217
459   1.0248140
460  -0.0948000
461   1.7597190
462   0.0718000
463   0.6847314
464  -0.7357031
465   1.2850160
466  -1.3841090
467  -1.6963210
468  -0.1422702
469  -0.0647000
470   0.4338490
471   0.9926678
472  -1.3177460
473   1.8323640
474  -0.6808124
475   0.4240125
476  -1.4103120
477   1.4622310
478  -0.7249538
479  -0.1827156
480   0.2648203
481  -0.5574305
482   0.0925000
483   0.5300322
484  -1.2426690
485  -0.2763778
486   1.9947130
487   0.5226352
488  -0.8207129
489   0.4529764
490  -1.6162100
491  -2.5792360
492   0.9412613
493   0.0814000
494  -1.8680240
495   0.6962324
496   0.9114393
497  -1.0589080
498   1.7861950
499  -0.8635874
500   0.0030000
501  -0.4207917
502   0.6312701
503   0.9006687
504  -1.1596590
505   2.9968780
506   0.6280653
507   0.7102227
508   0.2375514
509   1.4125130
510   0.0042400
511   0.3253176
512   0.7874740
513  -1.2995330
514   0.8751956
515  -0.4503719
516  -0.9781614
517  -0.1951407
518   0.8020843
519  -1.0537850
520  -0.2494055
521  -1.3164520
522  -1.8838790
523   0.0793000
524  -0.3349302
525  -1.8840300
526   0.1364936
527  -0.4200310
528   2.2076980
529   0.4720418
530   0.4259463
531   1.4533110
532   0.6754676
533   1.6708070
534   0.3370913
535  -1.3981130
536   0.3406298
537  -0.6476228
538  -0.2755516
539  -1.4092040
540   1.1903210
541  -0.0830000
542   0.3687799
543  -0.3976939
544  -2.3640540
545   0.3042336
546  -1.5275330
547   1.4670010
548  -0.8914698
549   0.3540853
550   0.0247000
551   0.7003402
552  -1.9835260
553   2.0902340
554   0.7784276
555   0.7638286
556   1.2185000
557  -0.0461000
558   2.1354500
559  -0.5143522
560  -0.7376564
561  -0.4892362
562  -0.8072155
563  -1.3103430
564   1.7662920
565  -2.4209530
566  -1.2686280
567  -0.7779446
568   0.7820756
569   0.1544588
570   1.7468050
571  -0.9670320
572   1.0220520
573  -0.3377423
574  -0.3022459
575  -2.1708630
576  -0.0144000
577   0.9004757
578   1.2729350
579  -0.4548104
580  -0.4073446
581  -0.1328306
582   0.8547688
583  -1.8940210
584  -0.0800000
585   0.7092734
586  -0.5136105
587   0.0813000
588  -0.6050291
589  -0.7723824
590   0.3269664
591   1.6147790
592   0.3318936
593  -0.1829751
594  -1.7219910
595  -1.4435730
596   0.1319382
597  -0.3459505
598   0.3928503
599  -1.9135930
600   1.7624020
601   0.3414687
602   0.2910170
603  -1.2263120
604  -0.6464081
605  -1.2615510
606   0.4671188
607   0.2735296
608   0.2810065
609  -0.6071641
610   0.7605687
611   0.2993365
612  -0.1616606
613  -0.8849972
614   0.6689824
615  -0.6928300
616  -2.5275780
617  -0.1157677
618  -0.3352530
619   1.6369440
620  -0.3856192
621  -2.0145670
622   0.0560000
623   1.5079610
624  -1.2029810
625   0.2925706
626  -0.3415724
627  -0.1387946
628   1.5288080
629  -0.2885681
630   1.4633120
631  -0.8951816
632   0.8046888
633   0.0449000
634   0.7133004
635   0.5117358
636  -0.7803217
637   1.0174260
638   2.1235800
639  -0.0913000
640   0.4657225
641   1.2169640
642   0.3307581
643  -1.1241850
644   1.5475280
645  -0.4402937
646  -0.1014041
647  -1.6722200
648  -0.6788134
649   0.7913304
650  -0.1899616
651  -1.3013800
652   0.4724280
653  -0.5248653
654   1.1039780
655  -0.6829274
656  -1.4303410
657   1.2068200
658   0.3193096
659   2.2677550
660   0.4911710
661  -0.9149757
662   0.0122000
663  -0.6928633
664   0.7960767
665   1.0649700
666   0.0265000
667   1.4242090
668  -0.0789000
669  -1.3994030
670   0.6652200
671  -1.3504150
672  -0.4918679
673   1.6216190
674  -0.2051453
675  -0.0775000
676   1.3680070
677  -0.1305057
678  -1.6113270
679  -0.9359496
680  -0.3048199
681   0.1025055
682   0.3153103
683   1.3015300
684   0.8581681
685  -0.5327859
686  -0.0229000
687  -2.4092460
688   0.9323001
689   0.0993000
690  -0.6337660
691  -1.3222770
692  -0.4269474
693   0.5999450
694   3.0007600
695   1.6500560
696   0.4633694
697   0.1009473
698   0.3096793
699  -2.0485760
700  -1.1884380
701   0.3330559
702  -0.0988000
703   0.6030502
704   0.7310107
705  -0.3224653
706   0.8131543
707  -1.9377790
708   0.2862308
709  -1.2007180
710   0.6187065
711  -1.2116950
712   1.0406600
713  -0.9812815
714  -0.5674714
715   0.7999860
716  -0.2351150
717  -0.8674453
718  -0.1003263
719  -0.5814285
720  -0.6552271
721  -0.4241114
722  -1.6150810
723  -1.4899060
724   0.3054463
725   1.6745530
726   0.0394000
727   0.7426219
728   1.1931260
729  -1.0504120
730   0.8120908
731  -0.3582036
732   0.5117708
733   0.0538000
734   1.5068630
735   1.6386980
736  -1.4331160
737   0.5963305
738  -0.4835450
739   0.8943180
740   2.0022590
741  -0.4210664
742  -0.0695000
743   0.0093100
744  -1.9470620
745  -0.9849410
746  -0.4804242
747   0.4624070
748   0.4050587
749  -1.6240950
750  -2.0700030
751   0.4419598
752   0.7506920
753  -1.5690290
754  -1.2923240
755   1.1871160
756  -0.1728061
757  -0.2256483
758  -0.3915924
759   1.5334510
760  -0.8503515
761  -0.3884272
762  -1.1772310
763   0.1112105
764   0.5788278
765   0.2820758
766   0.4420247
767  -1.9682730
768   0.5225550
769   0.7935399
770  -0.4816657
771   0.6128134
772  -0.2560339
773   0.5539502
774   1.1955010
775   0.8798348
776   0.6005920
777  -0.0859000
778   0.9388781
779  -0.9312224
780   0.9613328
781  -2.2173170
782   0.0811000
783   2.1695780
784  -0.6713865
785  -0.6267350
786   0.3207282
787  -0.1557085
788  -1.0089570
789  -0.3771380
790  -0.0232000
791   0.9030855
792   0.0269000
793  -0.0629000
794  -0.6544789
795   1.0116270
796  -0.2932319
797  -0.9215395
798   1.8276740
799  -0.3744583
800   0.6445634
801   0.2711140
802   1.5566830
803   2.8517380
804  -0.1132476
805  -0.9861567
806  -0.3985185
807  -0.9519216
808  -1.0394990
809  -0.7350156
810   1.6518000
811  -0.5311266
812   1.1962540
813  -0.1022561
814   0.7676395
815   0.4885777
816   0.1398649
817  -0.0634000
818   0.2770982
819  -0.6337691
820   0.0173000
821  -1.2729440
822   0.9222973
823   1.1791820
824  -0.5866546
825  -0.4817379
826  -0.9087846
827   0.2836823
828   0.8280299
829   0.7196709
830   0.1197131
831   0.2512022
832   0.6495712
833   0.8753412
834   0.4256217
835  -0.9589925
836  -0.5145748
837   0.6740234
838  -0.4216297
839   1.3758180
840  -2.1232770
841  -1.5350660
842  -0.0559000
843   0.4380279
844   0.8159887
845  -1.0497080
846   1.0855140
847   2.1125460
848  -0.9803521
849   0.0276000
850   0.4610948
851   0.5319166
852   2.0150920
853   1.0053930
854   0.0902000
855   0.9530122
856  -0.4721065
857  -0.8114997
858  -0.3708728
859  -0.7739571
860  -1.2767230
861  -0.0084800
862  -0.9505121
863  -0.6553190
864  -0.0525000
865  -2.2813190
866   0.5910292
867  -3.5059620
868  -0.4539327
869   0.4958521
870  -0.9671870
871  -0.9220544
872   0.9699254
873   0.1966490
874   1.5272460
875  -0.6089584
876  -1.2568260
877  -0.8596310
878  -1.6043540
879  -0.8284164
880   0.5772255
881  -0.0834000
882   1.0224170
883  -0.2007596
884   1.0783400
885  -2.1463200
886   2.4351150
887  -0.4966968
888  -0.0527000
889   1.6110280
890   0.5594193
891   0.0905000
892  -2.6992860
893   1.0500090
894   2.4439940
895  -1.4961520
896  -0.0471000
897   0.4836089
898   1.0923010
899   0.5251699
900  -0.2866142
901   1.4148850
902   0.2143545
903   0.3925738
904  -0.9308375
905  -0.6590485
906   0.2266341
907   1.1062040
908  -2.3561100
909   1.7922550
910  -2.0779400
911  -1.4036810
912   1.9406070
913   1.2515100
914   1.1833960
915  -0.2576059
916   2.0878340
917  -0.2651173
918   0.8341816
919  -0.3582180
920   2.6546570
921  -0.5557418
922  -0.3124514
923  -0.1782394
924  -1.8421220
925  -0.9159610
926   1.9152910
927  -1.0598980
928  -0.3960987
929   1.1807570
930   0.0136000
931   0.2642195
932  -0.6264282
933  -0.4607480
934  -0.5600856
935  -0.1381791
936   0.5345310
937  -0.8390179
938  -0.6358611
939   0.3559199
940   0.0390000
941   0.3043761
942   0.3729636
943  -2.0376000
944  -1.1159370
945  -1.9011210
946  -1.4101320
947   0.6271422
948   1.0772990
949   0.7948823
950  -1.5609890
951   0.4652794
952  -1.2379260
953   0.7240046
954  -0.4025848
955  -0.6880349
956   1.4487990
957  -0.2958574
958   1.3329070
959   0.5020300
960  -2.0634560
961   0.6260983
962  -1.4998730
963   0.5707612
964   0.6188778
965   0.5056108
966  -0.6055285
967   0.7325457
968   0.0736000
969  -1.0242640
970  -0.2163279
971   0.2683274
972   0.6528128
973   0.1263541
974  -1.6785870
975   0.9098713
976  -0.5383117
977   1.0409220
978   0.4686983
979  -0.3688838
980   0.0442000
981  -0.5882040
982   0.4075858
983   0.2082381
984   2.1346440
985  -0.1279577
986   0.8186200
987   0.1304747
988  -0.6063518
989  -0.1379006
990   1.4963170
991   0.8873299
992  -0.0414000
993  -0.3125653
994  -1.3391250
995   0.2874229
996  -0.0098400
997  -0.2899818
998   0.4944988
999  -0.7233002
1000 -0.1863529
> data=read.csv("/Users/TariesW/Desktop/ECON 345/HW 1/One X Column.txt",header=F)
> colMeans(data)
         V1 
-0.03178884 
> colMedians(data)
      V1 
-0.01067 
> summary(data)
       V1          
 Min.   :-3.50596  
 1st Qu.:-0.65559  
 Median :-0.01067  
 Mean   :-0.03179  
 3rd Qu.: 0.62879  
 Max.   : 3.22980  
> dim(data)
[1] 1000    1
> length(data)
[1] 1
> 
> source("/Users/TariesW/Desktop/ECON 345/HW 1/One Y Column.txt")
> read.csv("/Users/TariesW/Desktop/ECON 345/HW 1/One Y Column.txt",header=F)
               V1
1       5.8729760
2       3.3801360
3       0.7644039
4       2.7377640
5      -2.9414510
6      30.4584600
7      -4.1816060
8       4.9373280
9       0.2692388
10      5.0055080
11     -2.3884810
12      0.8833237
13      2.8493980
14      3.3601520
15      3.3953980
16      2.9137560
17      1.6530670
18      0.2677205
19     -5.2560640
20     -5.5676250
21     -1.8751760
22      1.9294540
23      2.1481620
24      4.6673340
25      4.0132840
26      8.3985100
27      1.5984950
28      2.1327710
29      1.4592030
30      1.8311360
31      4.9822840
32     -0.1027680
33    -44.0847000
34      5.4341980
35      9.3013980
36      5.1566680
37     -6.9338490
38      9.6458910
39     -3.2353080
40      2.4406910
41      4.3196270
42      2.6139840
43      1.9136260
44      0.8003782
45      1.3895470
46     -1.4787970
47      1.4018330
48      2.2220990
49     -1.2526400
50     22.8309100
51      6.2114770
52      8.0005160
53      0.1263241
54     -1.0110110
55      2.8082810
56      5.4008350
57      2.5165700
58     -2.6197050
59      1.6190010
60     -0.7780162
61      5.5529020
62      0.7679489
63      3.0877120
64      5.2558580
65     -1.8612170
66    -32.5577700
67      3.0751950
68      5.6498070
69     17.1622200
70      6.8404920
71     -4.6276820
72     -0.5947501
73      2.1578480
74     -0.7065783
75     -0.1945669
76     -3.5553190
77     -2.6503330
78     -9.7576420
79      1.0098470
80      8.9422040
81      8.4389440
82      0.4536711
83      0.4109798
84      1.4513960
85     -1.3024830
86      2.3128350
87      0.8276897
88      2.4410110
89     -1.2896050
90    -10.3002700
91     -5.1685630
92      0.7620247
93     -2.8440750
94     -0.8866907
95     10.4688400
96      2.6092810
97      3.3059290
98      0.5693498
99     -0.9719622
100    -4.7537230
101    -0.3646165
102     3.0381240
103     4.1594470
104     0.3398772
105    -0.3722777
106   -13.4831100
107     8.7185240
108     4.0900180
109    -6.2601770
110     2.1910260
111     9.5943820
112    -0.5708666
113    45.6063800
114     3.0701020
115     5.4989400
116     2.5471870
117     1.3531390
118     4.7781370
119     5.2599710
120    -4.9547970
121     1.4953430
122     0.7955913
123    -0.2278370
124     0.9319915
125     6.0250790
126   -17.9809000
127    -3.0317490
128     5.8048800
129     3.5500130
130    -3.6849960
131     1.4362020
132    10.0504400
133     3.8688050
134     1.0041850
135     0.7021164
136    -6.1284640
137     5.9492100
138     4.7432650
139    -7.5547300
140    -1.1705300
141     1.1412610
142    -0.3026036
143    11.2680200
144    -0.2661054
145     0.3287266
146     1.6488410
147    -0.8251413
148     0.1299507
149     6.7466180
150     3.3587980
151   -12.0581300
152     3.1953480
153     3.1127250
154    -2.1822030
155     8.2691570
156     8.9482810
157     1.5397990
158     1.3665730
159     9.6520800
160     4.6889160
161     2.1514910
162    -4.0925100
163    -1.2287940
164     2.2982070
165    -2.3386850
166     6.5306060
167     6.5482280
168     4.4533880
169     5.7586930
170    -2.7714240
171     6.2820350
172     1.5909890
173    -2.2239530
174     1.7176910
175     3.0705970
176    -0.0174000
177    -1.6298420
178     4.9552460
179    -0.8923124
180     7.4411450
181    -0.2389602
182     4.9607690
183    -0.2049689
184    -0.3445488
185    -2.2456930
186    -7.2628580
187     1.5582070
188    -4.7061250
189     6.0874740
190     1.2789520
191     7.7102170
192     0.9542256
193     2.1401360
194     3.8468300
195    16.3495400
196     5.5338420
197     3.6264030
198    -1.8475050
199    -3.7898540
200     4.3412660
201     1.5917230
202    -3.5332310
203     5.0283840
204    -7.0329310
205    -6.9445820
206    -4.0431960
207     3.5246680
208    -4.1223830
209     1.6007730
210     6.1337790
211     6.9139130
212     0.1001363
213     3.0102630
214     7.4166690
215     3.8649610
216     1.1678790
217     0.3843069
218     6.7670400
219     3.7855690
220    -0.2104064
221     5.0391950
222     0.9908115
223    -3.0118310
224     0.4199762
225     4.6808490
226     3.9195630
227     1.7311210
228     0.5890620
229     0.5586785
230    -8.0593910
231     2.2547580
232     2.5650310
233   -50.3357600
234    -1.5032990
235     2.5213380
236  -256.1954000
237    10.9545400
238   -16.2915800
239    -0.2968173
240     6.2417120
241     0.9205356
242    -0.2335408
243    -0.4696533
244     2.1571220
245    -2.9254150
246     2.4095000
247     0.6688767
248     2.0959360
249    18.0495300
250     3.0508900
251     1.1287370
252     5.0534140
253    -1.4333580
254   -24.5798000
255    -0.5793071
256     2.6393050
257    -6.1424010
258    -0.4557689
259    -4.6231120
260     6.1276580
261  -112.1366000
262     4.5425990
263     1.2565430
264    -3.4417280
265     0.3225124
266     3.5637610
267     3.9613530
268    -0.3708833
269     6.0075730
270     3.1438030
271     0.8543200
272     1.6084230
273     3.3954360
274    -3.2286200
275   -11.4867000
276     3.1093190
277     1.8116310
278     0.8687586
279    13.0638100
280     1.5814010
281     0.9575681
282    -1.2163580
283     2.9028720
284    11.6727300
285     1.2929650
286    -2.7581210
287     0.7267011
288     1.9109120
289     0.0599000
290     0.6121910
291     5.8039230
292     3.1484740
293    10.2080500
294     0.6809352
295     1.5063900
296     3.9788350
297     1.4307600
298     8.2192830
299    -0.0449000
300    -1.3409440
301    -3.9470780
302    -3.2906580
303     5.8768920
304     6.0331990
305     7.0642360
306     3.0534210
307     6.1062430
308     1.1333930
309     5.0102140
310     0.6662023
311     6.0718100
312     5.5302390
313   -26.2705900
314     2.6393800
315     4.2455320
316     1.4067440
317     1.7727200
318     3.8008990
319     2.4888200
320     1.4756870
321    -1.1959790
322     3.6788030
323    22.7047800
324     3.9363880
325     6.7945600
326     2.4152640
327     2.7776580
328    -3.7698560
329    -5.4465460
330     0.6388904
331     8.7096420
332     8.7922630
333     7.0004170
334    -0.1502622
335     0.6782137
336     5.0608950
337     1.4684340
338     5.0808030
339     2.3974960
340     2.4864040
341     0.4738768
342     1.1801230
343     4.8209740
344     2.4251620
345    -1.1554720
346     2.8863740
347    -4.3391320
348     5.0404360
349     2.8673920
350     4.0837750
351     6.5234560
352    -2.8973790
353     4.8207850
354     0.5744950
355     2.1925020
356     3.0375010
357    -1.7486790
358     0.1632492
359     8.2050020
360    20.0839500
361     0.0926000
362     3.3266180
363    -2.4329400
364    -0.0895000
365     3.1214770
366     4.5586880
367     5.1137860
368    -0.3648120
369     4.7692160
370     6.3251630
371     4.5742280
372     7.0586810
373     4.6145730
374     3.0912450
375     6.1233100
376   273.3845000
377     2.9011370
378    -1.3794580
379    -1.4756260
380   -10.1378900
381     1.4622390
382    -1.1277090
383    -2.3243240
384     8.2705310
385     3.9284020
386     7.4358840
387     4.5596780
388     2.8439260
389    -7.0626480
390    -3.2402420
391    -0.6203174
392     2.4700050
393     6.3962230
394     3.5270390
395     1.2180680
396     0.3435970
397     1.4540850
398     2.2580770
399     2.7731020
400     1.7520290
401    -0.4250132
402    13.3440200
403     6.1436920
404     1.4299220
405    -1.9162510
406     2.9528930
407    -0.2447017
408    13.4824900
409   -66.0681800
410     0.0523000
411    -6.4732700
412    -3.2175770
413     1.9126640
414     2.2834970
415     2.7938010
416     2.5211610
417     5.2960350
418     4.1580080
419     3.3714110
420    -4.7095560
421     6.9163130
422     3.1695160
423    -2.2396770
424     0.7216826
425     5.7278770
426    -1.4968890
427     4.7980540
428    11.0621600
429    -3.6669840
430     5.1256150
431   -14.6697800
432    -0.0642000
433     3.7390280
434     4.2966230
435    -3.7507880
436    -4.9474440
437     2.0601000
438    -1.3998940
439    -4.3124860
440     1.0479730
441     1.1394250
442     2.3870290
443     3.4781250
444     2.0002080
445     1.5407620
446    -2.1234390
447     0.6789756
448     6.7709560
449   200.2029000
450     4.8294250
451     8.2279470
452     5.6798740
453     1.6319570
454     0.7408169
455     4.2522200
456     3.2276830
457    -1.5252550
458   -15.5216400
459     6.2785810
460     0.9687209
461     7.4644730
462     1.7280140
463     0.0502000
464    37.0758800
465     5.7097220
466    -8.8392710
467    -9.9748220
468    -1.1981090
469     3.0387880
470     1.8238980
471     2.0133800
472    -3.1040850
473     7.2674710
474     1.9122480
475     3.8484490
476     8.2420790
477    11.8415900
478    -0.7370320
479     3.2172040
480     2.8159480
481     1.3356900
482     2.7397870
483     2.8569660
484    -1.6976080
485     5.2356520
486     5.7353720
487     3.8676430
488    -1.0966320
489     4.4068720
490    -3.2448270
491    -3.8105180
492     2.4295480
493     0.0474000
494   -15.3335700
495     4.2061700
496     5.9331800
497    -0.7010393
498     7.7844550
499    -0.5092198
500     2.9944540
501     0.9177072
502     2.3533710
503     4.8346210
504    -0.6746146
505    11.7567000
506     5.6480410
507     4.3368620
508     6.7328750
509     9.3421710
510    -3.8191720
511     1.0292110
512     4.3112820
513     1.2004000
514     5.4750390
515    57.7980900
516    -3.3212780
517     2.5728840
518    10.4081700
519    -0.7606355
520     0.7897668
521     1.4536640
522    -3.9533110
523     4.4473960
524     0.7517159
525    -3.4571100
526    -1.1014520
527     5.0782710
528     9.6034170
529     3.6162050
530    -0.1003542
531    13.0143000
532     7.4779770
533     6.5398830
534     6.7112070
535    -3.5195090
536     5.8510940
537    -0.2356361
538     0.9277338
539   -13.4679000
540     5.8093180
541     0.9597654
542    -0.2631619
543     3.6035780
544    -5.2383920
545     2.3739420
546    -2.0822910
547     4.2159430
548    -0.6293284
549     2.6035420
550    -0.0043700
551     3.1681630
552    -3.6856480
553     6.5898540
554     5.1462200
555     5.0827110
556     5.4567440
557   339.9684000
558     5.5634840
559    -0.7190276
560     6.5084920
561     0.7559465
562     2.0516850
563    -0.6107877
564     7.8240170
565    -5.5856040
566    -0.9716401
567     0.5148720
568     7.1220380
569     3.5330300
570     5.0750680
571    -2.9688470
572     2.5692550
573    -0.1713502
574     1.3717000
575     2.0058590
576     0.9735750
577     5.4296960
578     4.5986260
579     0.5109769
580     1.7369290
581     5.1152590
582   -48.5498500
583    -5.0678900
584     1.5468140
585     3.5619770
586     1.3900140
587    -4.0937910
588    -0.2525786
589     0.0870000
590     6.4225310
591     5.4456450
592     2.8096520
593     1.3309910
594    -3.1411410
595    -3.9181950
596     3.4783830
597   -12.2498900
598     6.7060610
599    -3.2339750
600     7.8070360
601     4.4517870
602     0.1510648
603    -9.4993310
604     0.6245894
605    31.0816700
606     2.6624030
607     4.1299880
608     3.6498740
609    -0.0359000
610     4.5223130
611     3.1045700
612     1.3628680
613     0.0079600
614     2.8849760
615     1.2333430
616    -5.8019260
617     1.4719170
618     0.2781719
619     5.6532610
620     1.5763280
621   -16.9796700
622     2.9638200
623     6.9136980
624     2.2000070
625    -0.5895821
626    -0.0961000
627     1.7120650
628    -8.0934080
629     6.0695200
630     6.1191580
631     3.0026270
632     2.7364590
633     3.1278620
634    -5.0640610
635   -28.9970300
636     0.3875499
637     4.3851480
638     8.0304750
639     3.2903550
640     3.5419060
641   -69.9471800
642     3.1768130
643    -3.2185670
644     7.1748570
645     5.5524730
646     0.8178969
647    -0.3657034
648     0.1144761
649     2.8672270
650     4.3934950
651    -5.0421320
652  1203.0640000
653    -2.3611660
654     6.0507970
655    -3.0251390
656    -0.9901267
657     6.2968070
658     3.0489240
659     5.3985280
660     2.6945940
661    -1.6218730
662     0.8372678
663    -3.3910800
664     6.8452150
665     5.5914270
666     6.6207300
667     5.2112450
668     2.0192480
669     6.0941410
670     2.6160420
671    -4.2100890
672     0.1819402
673     6.4230860
674     2.6952780
675     2.8799830
676     8.0072750
677     3.3063460
678    -5.3286150
679    61.0119200
680     2.3143390
681    -5.5579630
682    10.0515100
683     5.6450920
684     6.5494780
685    -0.2196761
686    12.7261900
687    -8.9768390
688     3.3895440
689     7.4204170
690     1.2751350
691   -20.4615600
692    19.5269700
693     4.1750470
694     8.7506570
695     8.1790230
696     3.6104100
697   -13.0757100
698     2.9570660
699    -5.5771020
700    -1.7108800
701     2.4265640
702     1.8628120
703     3.4609340
704     4.2519310
705     0.1238085
706     2.8166790
707    -3.3183270
708     3.8139460
709    -2.2240680
710     1.6647480
711     0.2710016
712     3.5123800
713    -0.7547211
714    -0.2723904
715     7.1070020
716    -4.7871460
717    -0.2443802
718     3.2167860
719     0.6333513
720    -1.1834500
721     3.5030390
722    -2.8284310
723   -14.9964100
724     3.3555860
725     6.5972220
726     2.7978540
727     3.0588570
728     4.2618190
729    -0.4958688
730     4.3077360
731     1.6673400
732     5.6967300
733     2.6236160
734     3.3924750
735     3.9697370
736    -1.0633640
737     4.4630960
738     3.7743050
739     1.9740490
740     8.0348650
741    -1.6794660
742     1.2573400
743     1.4493540
744    25.2034700
745    -2.1186490
746     0.3450420
747     3.8240420
748     3.4542530
749    -4.1103010
750    65.6234600
751     3.9019800
752     3.7716540
753    -2.5617470
754    -1.3147120
755     6.4715480
756   -15.0061100
757     1.7027100
758     0.5865475
759     9.3002830
760     0.0899000
761     2.8549580
762   -28.3277500
763     2.7925090
764     3.3956470
765     2.0791090
766     2.9824560
767     3.1800570
768     3.9403290
769     4.1886840
770     1.7354050
771     3.4721480
772     1.6704290
773     4.9980940
774     5.0457760
775    12.9458800
776     0.2081347
777     0.4307698
778     4.4196730
779     0.1829695
780     3.2847160
781    -5.4127690
782    -0.1472677
783     7.0779790
784    15.5856800
785     0.0249000
786     2.5161170
787     2.7776890
788    -7.1810270
789   -10.3933500
790     1.9268470
791     6.2398970
792     3.4519000
793     0.0949000
794     0.3601725
795    -1.6644900
796     4.0324980
797     0.1645718
798     8.0044700
799    -3.0062080
800     5.3276900
801    -0.2721311
802     8.4583460
803    11.6669600
804     6.6821230
805    -1.9917540
806     5.3349570
807    -0.4076251
808    -1.1908120
809     1.9822490
810    -2.0312920
811     1.5232630
812     5.1329100
813     0.7806300
814     5.4399730
815     0.9637825
816     5.6943620
817   374.9954000
818     4.9748470
819    -7.0251370
820    11.4742800
821    -1.5774700
822     4.9104930
823     5.3014360
824    -2.3424470
825     0.8156058
826     7.6451650
827     2.8079140
828    13.6668700
829   -17.0381400
830     3.4411920
831     1.3358990
832     4.3267880
833   -11.0676200
834     3.6891160
835    -0.4822175
836    -2.2611950
837     1.4990700
838    -5.7601290
839     4.9731040
840    -3.8830810
841    -3.1004760
842     2.0181630
843     3.3224060
844     4.1960040
845    -1.2269060
846     3.2133580
847     6.5837630
848    13.5905900
849     3.6697550
850     3.4704020
851     5.6968560
852     8.1652620
853     4.1696650
854    -0.3078093
855     2.1279550
856    -2.4626310
857     8.0120290
858     4.0381910
859   -25.4778700
860    -2.6397560
861     1.5978010
862    -0.3888098
863    -1.4025300
864     2.9845120
865    -6.5781040
866     1.1569780
867    -8.4059840
868    -1.9087690
869     3.2807710
870    -6.3598900
871    -4.3686760
872    -4.0719640
873     5.6516350
874     6.5046890
875     1.9091750
876     0.5043136
877     1.6979180
878   -49.0051000
879    -0.1946520
880    76.1902900
881     3.2279240
882     3.9700000
883    21.4727200
884     5.2701560
885    -5.9973640
886     8.8597970
887     0.8613371
888     1.2895600
889     8.0261910
890     5.8075170
891     3.4896390
892    -4.1790110
893     5.4522550
894     0.4679876
895    -1.4120250
896     0.8617564
897     4.1463170
898     0.4943333
899     4.0820020
900     1.4941720
901     3.0654410
902     2.0893530
903     4.6129180
904    -0.9807226
905    -1.2725610
906    16.8677500
907    -4.5625640
908    -4.1321920
909     8.6668800
910    -4.3972830
911    -0.4710846
912     7.8886410
913     8.2663650
914     4.3419280
915     0.9895400
916     8.3991150
917    -1.1295640
918     2.5701970
919     2.5821440
920     4.7158500
921    -1.0208960
922   -19.8211200
923     2.3042310
924    -3.8045120
925     0.8292274
926     8.1339860
927    -1.3028380
928     0.5400656
929     6.0564000
930     2.4222210
931     4.3488170
932     3.7853010
933     2.0988350
934     1.6702800
935     0.6367315
936     4.2724200
937    -0.3473805
938     0.3008780
939   -14.7577800
940     2.9947610
941     2.3008640
942     3.3951660
943   -11.4083500
944    -2.8242140
945    13.2777800
946    -4.2229460
947     4.0895310
948     4.1976240
949     7.1750960
950    -3.4546180
951     6.2232280
952    -2.7462780
953    15.5325200
954     1.7748360
955    -1.7733650
956     5.5811700
957     2.3191070
958     6.4017700
959     3.7322280
960    -4.1282150
961     3.9341060
962    -2.5570020
963     2.0918350
964     9.4620460
965     3.9751300
966     0.8683450
967     3.8669880
968     0.5423225
969    -1.4410900
970    37.1736400
971     3.6619990
972     4.0481770
973     1.1793330
974    -9.1600740
975     7.5352050
976    -1.2723400
977     7.2291550
978     4.2717460
979     1.7856510
980     1.8956610
981     3.2202280
982     2.4438640
983     3.3040640
984     8.7162900
985     1.8283280
986     3.6376400
987     2.1586790
988     0.6155265
989     1.2892400
990     9.2530330
991     2.8727830
992    -0.4578069
993     0.6552883
994    -1.4477770
995     2.2194670
996     2.7908750
997     0.7566721
998     4.7322400
999     0.9247740
1000    1.3725580
> data1=read.csv("/Users/TariesW/Desktop/ECON 345/HW 1/One Y Column.txt",header=F)
> dim(data1)
[1] 1000    1
> length(data1)
[1] 1
> colMeans(data1)
      V1 
3.804855 
> colMedians(data1)
      V1 
2.093885 
> summary(data1)
       V1           
 Min.   :-256.1954  
 1st Qu.:  -0.4327  
 Median :   2.0939  
 Mean   :   3.8049  
 3rd Qu.:   4.6133  
 Max.   :1203.0640  
> 