> qA = c(0.623,0.626653103,0.633692458,0.637341153,0.639097744,0.636788049,0.642651297,0.650557621,0.637558685,0.638353765,0.662921348,0.674462114,0.671902269,0.666103128,0.676421405,0.688065844,0.695374801,0.700241741,0.705263158,0.712887439,0.715427658,0.735171261,0.737357259,0.733722871,0.71758877,0.709553159,0.699036323,0.687193842,0.686219081,0.692041522,0.682959049,0.680503145,0.675903614,0.682282282,0.697399527,0.69812362,0.700540541,0.686828717,0.686601495,0.691001698,0.704809287)
> quantile(qA)
       0%       25%       50%       75%      100% 
0.6230000 0.6629213 0.6866015 0.7002417 0.7373573 
> quantile(qA,c(0.2,0.4,0.6,0.8))
      20%       40%       60%       80% 
0.6426513 0.6805031 0.6910017 0.7048093 
> quantile(qA,c(0.1,0.3,0.5,0.7,0.9))
      10%       30%       50%       70%       90% 
0.6373412 0.6719023 0.6866015 0.6981236 0.7154277 
> k = c(2.06,2.1,2.17,2.21,2.23,2.2,2.26,2.34,2.21,2.22,2.47,2.58,2.55,2.49,2.61,2.74,2.81,2.87,2.93,3.02,3.06,3.3,3.33,3.28,3.1,3,2.87,2.72,2.71,2.78,2.66,2.63,2.58,2.64,2.62,2.63,2.66,2.5,2.5,2.55,2.7)
> quantile(k,c(0.1,0.3,0.5,0.7,0.9))
 10%  30%  50%  70%  90% 
2.21 2.50 2.63 2.74 3.06 
> plot(k,qA)
> 